SalePrice
12.542544882151386
12.542544882151386
12.287652632522597
12.348006141418841
11.695247021764184
11.77452020265869
12.133501952695338
11.779128505744886
12.14950229404178
11.771436160121729
12.375815420117268
12.43320821811392
12.84397135185964
12.040608205802641
11.904967552746252
12.200557464842063
11.477298287327077
11.777210959615614
11.755871643580617
12.230765258120545
11.842229212112828
11.699405031912846
12.490875577231112
12.206072645530174
12.542544882151386
12.142866569626381
12.628067055589549
11.884489021402711
12.154779351142624
12.65395846952229
11.691071650353702
12.218495165528731
12.007621706806335
12.034691028774553
12.56374708980199
12.165250651009918
12.028738630247258
11.84939770159144
12.132695175725399
12.310432660854417
11.332601910838946
11.803353763090035
11.570250531589497
12.100156419938624
11.931635799828413
12.388394202324129
11.79810440720389
11.84939770159144
12.066810578196666
11.898187865760873
12.154779351142624
12.059803326028716
12.885202034321916
11.911701584927597
12.474189562487116
12.352335152508426
12.345834587905333
11.824079893607152
12.84792653170257
11.77528972943772
12.560244459250788
12.072541252905651
11.77528972943772
11.94405831982697
11.288531131754366
11.819674600139235
12.193493863323313
11.588960151246226
12.154779351142624
12.14950229404178
12.336552511980964
11.732060994886899
11.771436160121729
12.254862809699606
12.301382825334498
12.230765258120545
11.617285480294472
11.751942365440728
12.4529327234617
12.834681304952548
11.56171562913966
12.220468525813907
11.951180395901384
12.211060187041213
12.118333731222167
11.877568578558138
11.344506813345266
12.24288661865289
12.100712129872347
12.421184025147118
11.970350312009105
11.719939634354555
12.078239274020289
12.694652660348845
11.715866308966918
12.292250341771226
12.33138283649562
11.396391648714276
11.884489021402711
12.154779351142624
11.982929094215963
11.76756768334381
12.078239274020289
12.644327576461329
12.66032791780777
12.132156962580005
11.724805824005728
12.180754837545884
11.619535200028487
12.321630986164447
11.84939770159144
11.887931365593685
11.877568578558138
12.091783499128047
11.984178313616395
11.84939770159144
11.898187865760873
11.744037185933616
12.386308695833106
12.049418835484797
11.695247021764184
12.206777397134413
12.141534124392603
12.359523080243038
11.350406535472453
11.8490404949436
12.072541252905651
12.429216196844383
12.524526376648708
11.940393392554734
11.856515169360305
11.931635799828413
12.165250651009918
11.782952602183288
12.691580461311874
12.2783933071098
11.790557201568507
12.106252310247962
12.211060187041213
11.44571671527678
11.928340903931561
12.058152515453552
11.344506813345266
12.367340793126296
11.813030057420567
12.614865543731012
12.421184025147118
12.043553716032399
11.736069016284437
12.493129522588037
11.863582336583399
11.824079893607152
11.429543856031177
11.898187865760873
11.27720313144916
11.813030057420567
11.951180395901384
12.312682380588432
12.659734090733718
12.154516158615772
11.608235644774552
11.84939770159144
12.144197241812087
12.096257779522967
11.877568578558138
11.771436160121729
11.755871643580617
11.594321103174222
11.870599909242044
11.951180395901384
12.777052192115912
12.666657052859417
11.728036844587175
11.678439903447801
11.79810440720389
11.951180395901384
12.043553716032399
12.526342907575106
11.864462231052837
11.925035115797062
11.76756768334381
11.302204433654575
11.686878772093667
12.533576212168626
11.831379196088763
11.678439903447801
11.245046019814627
11.740061037553975
12.314927050442256
12.175613438045465
12.345834587905333
12.230765258120545
11.970350312009105
11.957611286231675
12.524526376648708
11.55214617812351
11.842229212112828
12.100712129872347
12.185869938212655
12.100156419938624
12.345834587905333
12.73596533201339
12.328290278254423
12.650348126203179
12.072541252905651
12.618182296357007
11.884489021402711
12.388394202324129
12.644327576461329
11.320553572322773
12.089538829274222
12.072541252905651
11.845819880243557
12.249610947544657
11.83862560460953
11.385092093460344
12.058152515453552
11.884489021402711
11.72399643505017
12.061046873479915
11.786762130599957
12.061046873479915
11.790557201568507
11.763684183317412
11.790557201568507
12.05466819137094
11.598726943661342
12.384218830913648
11.827042533619087
11.824079893607152
11.970350312009105
11.856515169360305
12.669806661762314
11.831379196088763
11.77452020265869
12.178187442040638
12.823628446539173
11.84939770159144
11.870599909242044
11.970350312009105
12.01309450854769
11.956970055045868
11.736069016284437
11.626254150277232
11.694413341015606
12.454103912352162
11.695247021764184
11.982929094215963
12.70076888736628
12.259613412458204
12.095141084822892
12.299107511497363
11.820410164718188
11.94405831982697
12.100712129872347
12.100712129872347
11.751942365440728
11.877568578558138
11.917723684090689
11.736069016284437
11.487607656985938
12.721885810807203
11.794337924408413
12.409013489526863
12.010665849187564
12.037653993905211
11.314474526246391
12.195517131590657
12.411052226216713
12.254862809699606
12.229545001715316
11.938193200374572
12.01974306733868
11.867097278690842
11.790557201568507
12.506177237980511
11.522875795823397
11.813030057420567
12.154779351142624
11.813030057420567
12.119969946476761
11.498826540590727
11.608235644774552
12.363076394339839
12.531772785169476
12.596400426884427
12.083905011555967
11.751942365440728
11.355101379776661
11.794337924408413
11.76718001130949
11.755871643580617
11.834284063781393
11.944707881395766
12.167851432709975
11.9891596439666
11.779128505744886
11.652687407345388
11.794337924408413
12.323855681186558
11.512925464970229
12.273731294003989
11.794337924408413
11.54829260880752
12.428015476267865
12.387977448827787
11.925035115797062
11.626254150277232
12.736700896592344
11.982616545377663
12.154779351142624
12.345834587905333
11.225243392518447
12.407379502235209
12.577636201962656
11.652687407345388
12.323855681186558
12.116694834378958
12.345834587905333
12.46997418931655
12.077670930725649
11.979385322467598
12.106252310247962
12.273731294003989
12.061046873479915
12.05524975579559
11.76756768334381
12.634603026569334
11.608235644774552
12.371587084007746
11.967180737247824
12.043553716032399
12.128111104060462
11.48246625748552
12.962194625251508
11.362102575235644
12.404923504275338
11.424094251263613
11.607326140391713
12.098487434850236
11.842229212112828
12.26857785088157
12.751299696013497
11.686878772093667
12.180754837545884
12.095141084822892
12.100712129872347
11.740061037553975
12.380025952653611
12.160028707028767
12.3570755190667
12.429216196844383
12.077670930725649
11.608235644774552
11.626254150277232
11.682668239557323
11.732060994886899
12.240474072247506
11.969717200243734
11.904967552746252
11.77528972943772
12.190959007720126
12.025749091398891
12.078239274020289
12.458774999085929
12.0015054797889
12.185869938212655
12.100156419938624
12.0015054797889
12.058152515453552
12.167851432709975
12.343466568968994
12.323411137947407
11.911701584927597
12.24288661865289
12.103486056755072
11.827736204810263
11.736069016284437
12.083905011555967
11.898187865760873
12.429216196844383
11.923378114589433
11.931635799828413
11.813030057420567
11.872346634576987
11.982929094215963
12.38755635142507
12.000891794590137
11.238488619268468
11.56171562913966
12.271392111650817
12.0015054797889
12.460714863903755
12.388394202324129
11.891361900690473
12.491251587763836
12.271392111650817
11.976659481202368
12.535376392672774
12.400816722322686
11.813030057420567
11.736069016284437
11.755871643580617
12.799175708864519
11.956553034172742
12.26434155365415
11.898187865760873
11.766792188927278
11.842229212112828
11.79810440720389
12.323855681186558
11.759785542901755
12.138863895836725
12.249610947544657
11.804848531679264
11.908340237224891
11.951180395901384
11.289781913656018
12.170445467887022
12.554836882168736
12.100156419938624
12.100712129872347
11.418614785498987
11.751942365440728
11.648330101976432
11.84939770159144
12.14950229404178
11.786762130599957
11.759785542901755
11.682668239557323
11.908340237224891
12.591335046320818
11.70766954176274
12.01974306733868
11.626254150277232
11.84939770159144
11.9891596439666
11.461632170582678
12.2783933071098
12.013700752882718
12.441144767709657
12.083905011555967
11.728036844587175
11.813030057420567
11.56171562913966
12.14950229404178
11.813030057420567
12.652359748158593
12.049418835484797
11.911701584927597
12.323855681186558
12.180754837545884
12.692503112461443
12.043553716032399
11.652687407345388
12.676076274775909
12.011880916165731
11.831379196088763
11.856515169360305
11.512925464970229
12.078239274020289
12.41044104151805
11.77452020265869
11.585246126549855
11.711776323715394
12.25247901834433
12.165250651009918
12.675763725937609
12.341258918085241
11.993807212363148
11.669929213779893
11.84939770159144
11.842229212112828
11.79810440720389
12.254862809699606
11.608235644774552
12.886641043883259
12.31716669303576
11.728036844587175
11.728036844587175
12.097373228606832
11.37366339763672
11.719939634354555
12.552926520261092
11.809319478024031
12.319401330837177
12.387085012375499
12.341477282536376
11.840789327054841
12.310432660854417
12.323855681186558
11.736069016284437
12.240474072247506
11.594505451962652
12.456831363877356
12.66032791780777
12.8802918162046
12.716402146247475
12.089538829274222
11.77528972943772
12.146853285870202
11.870599909242044
11.76756768334381
12.354492650648448
11.77528972943772
11.938193200374572
11.982272628789678
12.247694320220994
12.524162674153336
11.751942365440728
11.856515169360305
12.043553716032399
12.328290278254423
12.132964173709535
11.831379196088763
12.188417710291453
12.498742259492994
12.2783933071098
11.59910316121128
12.588190652108505
12.332705296463539
12.429216196844383
11.870599909242044
12.27134527214637
11.900905258737373
12.025749091398891
12.025749091398891
11.652687407345388
11.992260421644849
11.964001084330445
12.122691036591123
11.512925464970229
11.842229212112828
11.84939770159144
12.468436909997665
11.870599909242044
11.512925464970229
11.856515169360305
12.479909311159902
11.652687407345388
11.856515169360305
12.016726473799254
11.842229212112828
11.112447898373103
11.686878772093667
12.337100907936577
12.220961258023925
11.635143097694478
11.870599909242044
11.320553572322773
12.601487417784837
12.000891794590137
11.918390573078392
12.431533509799543
11.908340237224891
12.078239274020289
12.089538829274222
12.049418835484797
12.254862809699606
12.759957758756611
11.842229212112828
12.464583340681674
12.128111104060462
12.57418196709457
11.818570237796182
12.0271851854705
12.128111104060462
11.842229212112828
12.631340380934517
12.007621706806335
12.820987977820545
11.440354772135393
11.982929094215963
12.136186518066006
11.699405031912846
11.863582336583399
12.218495165528731
11.976659481202368
11.661345470088502
12.09458226949681
12.083905011555967
11.84939770159144
11.891361900690473
11.805595078933049
11.603679828238693
12.072541252905651
12.173032791451973
11.302204433654575
11.755871643580617
12.175613438045465
11.580584113444043
11.512925464970229
11.49272275765271
12.205572520488492
12.384218830913648
11.941944326032129
12.122691036591123
12.299107511497363
11.884489021402711
12.66539442642905
12.066810578196666
12.100712129872347
12.312682380588432
11.37366339763672
12.154779351142624
11.074420502783864
12.061046873479915
11.877568578558138
11.84939770159144
11.608235644774552
11.927680619985486
11.589886506106357
11.630708500626612
11.532728092266408
12.577636201962656
11.532728092266408
12.319401330837177
11.635143097694478
12.301382825334498
11.951180395901384
11.86005499606543
11.891361900690473
11.813030057420567
11.982929094215963
11.603679828238693
11.898187865760873
11.827736204810263
11.580584113444043
12.367340793126296
11.401993904262946
11.794337924408413
11.59910316121128
12.128111104060462
11.831379196088763
11.970350312009105
11.84939770159144
12.392552212472792
11.350406535472453
12.345834587905333
11.356271654924852
12.069680020624618
11.77452020265869
11.67419361256635
11.661345470088502
12.270220465353926
11.813030057420567
12.8790171187726
12.2783933071098
12.106252310247962
11.886211674714158
11.782952602183288
11.964001084330445
12.043553716032399
12.103486056755072
12.086725887897607
12.188417710291453
12.128111104060462
11.898187865760873
11.458997122944673
12.066810578196666
11.931635799828413
11.99535161421452
12.031123843065632
12.225875272826354
11.603679828238693
11.863582336583399
11.827736204810263
12.24288661865289
11.48246625748552
12.128111104060462
11.635143097694478
12.17921519136029
11.678439903447801
12.448626590364206
11.894780707439258
11.835008964139341
12.567237494741757
11.813030057420567
12.841129801965447
12.013700752882718
11.820410164718188
12.178187442040638
11.575900264131617
12.45254202214788
11.884489021402711
12.727838209334498
12.078239274020289
12.352335152508426
12.359780370124389
12.106252310247962
11.747997587149712
11.957611286231675
11.744037185933616
11.809319478024031
11.898187865760873
11.867097278690842
12.14950229404178
12.384218830913648
11.874090314181814
11.915051671812877
12.662706040212738
11.73526869611367
12.128111104060462
11.911701584927597
11.693161515273161
12.195517131590657
11.231887935237117
12.206072645530174
12.373703486914124
12.765688433465597
12.225875272826354
11.918390573078392
12.672946381766982
11.589886506106357
11.931635799828413
11.344506813345266
11.845102777308561
12.691580461311874
11.589886506106357
11.542484267211773
11.740061037553975
11.947949375319936
12.013700752882718
11.694413341015606
12.138863895836725
11.904967552746252
12.206072645530174
11.688558033613386
12.175613438045465
12.066810578196666
11.925035115797062
12.273731294003989
11.884489021402711
11.761346823468706
12.049418835484797
12.211060187041213
12.765688433465597
12.080991165908294
11.915051671812877
12.182804018590819
12.141534124392603
12.138863895836725
11.801856756822442
11.941455846009388
11.686878772093667
11.608235644774552
12.509874099861838
12.230277334226992
12.206072645530174
12.122147410592412
11.751942365440728
12.504323669331189
11.944707881395766
12.487485104968359
12.332705296463539
12.429216196844383
11.580584113444043
11.944707881395766
12.495003937382387
11.678439903447801
11.37366339763672
11.719939634354555
11.512925464970229
11.571194373094205
12.498742259492994
11.759785542901755
11.901583454762012
12.86099861326992
11.112447898373103
12.328290278254423
11.79810440720389
11.951180395901384
12.043553716032399
11.970350312009105
12.641096555879882
12.078239274020289
12.354492650648448
11.870599909242044
12.478006361013815
11.288531131754366
12.031719258385396
12.09884928474215
12.075394321888057
12.524526376648708
11.648330101976432
11.967180737247824
12.190959007720126
12.287652632522597
11.820116003810051
12.367340793126296
12.160028707028767
11.805595078933049
11.385092093460344
12.096257779522967
11.856515169360305
12.92391243868049
12.310432660854417
11.944707881395766
12.631013530138995
11.711776323715394
12.30591798049989
11.931635799828413
12.367340793126296
12.528156144699286
11.884489021402711
11.76756768334381
12.007621706806335
12.259613412458204
12.230765258120545
11.884489021402711
11.904967552746252
12.724866438945341
12.546109948315882
12.016726473799254
11.812289042195847
11.626254150277232
11.842229212112828
12.388394202324129
12.230765258120545
12.669806661762314
12.481561937216318
11.877568578558138
12.174989532116426
11.699405031912846
12.308177868467327
12.54686766829102
12.669998467265833
12.936751613811438
12.540757571577291
12.468436909997665
12.367340793126296
12.520883385370206
12.46651198158808
11.881034786534624
11.736069016284437
11.66907414746016
11.979799201207037
12.139398512262181
12.283033686666302
12.2783933071098
11.56171562913966
11.877568578558138
12.273731294003989
12.040608205802641
11.848683160653573
11.477298287327077
12.567551034433226
11.904967552746252
12.450977688625896
11.884489021402711
12.025749091398891
11.669929213779893
11.695247021764184
12.363076394339839
12.616525295149378
11.652687407345388
11.813030057420567
12.220961258023925
12.013700752882718
12.061046873479915
12.28690119819279
11.83862560460953
11.786762130599957
11.507912923146684
12.141534124392603
11.951180395901384
11.560762794384388
12.154779351142624
11.982929094215963
12.066810578196666
12.468436909997665
11.876873892875459
12.160028707028767
11.755871643580617
11.84939770159144
12.031123843065632
11.76756768334381
11.695247021764184
11.511924964636645
11.719126295554126
11.816726919301892
12.301382825334498
12.014609430818936
12.404923504275338
12.618182296357007
12.165250651009918
11.532728092266408
11.918390573078392
12.445089546000673
12.058152515453552
12.384218830913648
12.086725887897607
12.269047444691562
12.058152515453552
12.841325847671216
11.84939770159144
11.84939770159144
11.608235644774552
11.461632170582678
12.14950229404178
12.649154617209645
11.870599909242044
12.693498620467778
11.49272275765271
12.7444443677961
12.721885810807203
11.941455846009388
11.944707881395766
11.699405031912846
11.874090314181814
12.190959007720126
11.652687407345388
12.147913731356642
11.992260421644849
12.111212364506214
11.37366339763672
12.05757263721173
11.813030057420567
12.17664898415669
11.745425111208464
12.406561506279576
11.951180395901384
12.729320789294722
11.763684183317412
12.206572520571825
12.477167914377556
11.77528972943772
12.004568269319446
12.484204257170104
11.982929094215963
12.013700752882718
11.960811288962345
11.805595078933049
11.794337924408413
12.358793732547838
12.0015054797889
11.512925464970229
12.904207367601158
11.608235644774552
11.904967552746252
12.832011076396668
11.831379196088763
11.648365035864053
12.345834587905333
12.01364014498549
11.26446410567173
12.128111104060462
11.76756768334381
11.350406535472453
12.049418835484797
12.106992367829498
12.367340793126296
12.2783933071098
11.589886506106357
11.736069016284437
11.732060994886899
11.856515169360305
11.678439903447801
12.66032791780777
12.415433652431746
11.884489021402711
12.485827127509431
11.884489021402711
11.418614785498987
11.957611286231675
11.133128103610641
11.652687407345388
12.097930486910471
12.2783933071098
11.914047823644255
12.289954129510877
11.870599909242044
12.128111104060462
11.59917655301345
11.771436160121729
12.24288661865289
11.56171562913966
11.951180395901384
11.626254150277232
11.786001385032646
11.964001084330445
12.478006361013815
12.141534124392603
12.093687514935382
12.676076274775909
12.010665849187564
11.835008964139341
12.531772785169476
11.736069016284437
12.043494890772815
12.075394321888057
11.385092093460344
12.130810161029627
11.921718363171067
11.884489021402711
11.82700601127654
12.506177237980511
12.424806488355683
12.16597955196373
12.061046873479915
11.759785542901755
12.235631447771718
11.763684183317412
12.577636201962656
12.269047444691562
11.863582336583399
12.858319703517948
12.524417279788771
11.695247021764184
11.424094251263613
11.289781913656018
12.371587084007746
12.299107511497363
12.337100907936577
12.676076274775909
11.751942365440728
12.089538829274222
11.669929213779893
12.556729517143344
12.037653993905211
11.27720313144916
11.612770799939945
12.154779351142624
12.791356180214175
12.24288661865289
11.976659481202368
11.976030352524807
12.066810578196666
12.122691036591123
12.072541252905651
12.30591798049989
12.301382825334498
11.811547477460344
12.535376392672774
12.384218830913648
12.028738630247258
11.736069016284437
12.206072645530174
12.577636201962656
11.816726919301892
12.144197241812087
11.560762794384388
12.26434155365415
12.034691028774553
11.969717200243734
12.429216196844383
11.763684183317412
11.661776411702583
11.566466231898259
11.612770799939945
12.075394321888057
11.608235644774552
11.751942365440728
12.065274916913605
12.345834587905333
